9
1
14
1
1
0
0,8793609
0,9117081
1,00484
0,7041941
0,9416954
1,211204
1,029378
1,267918
1,102053
-0,1354493;-0,3862565;-0,407406;-0,2994653;0,3201264;0,3532905;-0,06560469;0,06249357;-0,1944785;-0,2819506
0,1441433;-0,2270947;-0,06526411;0,1511294;0,1528802;-0,2248558;0,02816883;0,4007057;-0,2372866;-0,2049184
-0,4297537;-0,2742194;0,0660878;0,04161941;-0,2004834;-0,198371;0,2388172;0,1334726;0,09394079;-0,2487244
0,3120789;-0,1977411;-0,2142223;0,001062032;0,3936878;0,003666885;-0,117408;-0,09507292;-0,03377748;-0,1075777
0,3181158;-0,2048028;0,0843417;-0,1983971;-0,1072684;-0,1465891;-0,3105096;-0,1021812;-0,2758557;0,09713588
0,211472;-0,3938656;-0,2380123;0,101053;-0,09900869;0,1453302;-0,299837;0,122301;-0,3236981;0,2416728
-0,0009725764;0,0315157;0,1005124;-0,3561875;-0,2917012;-0,2478967;0,0105819;0,08458799;-0,07129383;-0,283644
-0,07391603;-0,1507494;-0,3192675;0,05271037;-0,2783977;0,06116253;0,05309758;0,1182497;-0,3891104;-0,1178118
0,2414554;0,4460102;-0,2215396;0,07072587;0,1011299;0,290829;-0,07932113;-0,3335068;0,2776854;0,02243894
-0,3943636;0,09531119;0,0957405;0,367131;0,09963569;-0,2901168;-0,02709923;-0,02340382;-0,1081798;-0,2806886
0,07861679;0,05370347;0,2256586;0,06012977;-0,1471058;0,2867681;0,02373007;-0,2720302;-0,5297921;-0,01895981
-0,2339703;-0,03340025;0,2497804;-0,3870782;-0,06801904;-0,2252471;-0,2994798;0,05117609;0,08201173;0,06300549
-0,3295866;-0,2821415;0,0854454;-0,02832875;0,1742638;0,2175196;-0,09400139;0,2919976;-0,2532339;0,2217433
0,3065286;0,263935;-0,1600586;-0,1349267;-0,3080555;0,02894206;-0,2145618;-0,2813872;-0,3683936;-0,02628522
-0,2179826;-0,3700475;0,311009;-0,242723;0,1873104;0,1160424;-0,04270063;-0,2667429;0,3101164;-0,6573327;0,1248508;0,578835;0,1893592;0,004372187;-0,2491002
